# n_c: 2202	w_c: 1

0.604578982807233,
1.0772250364566949,
3.1308746993873875,
1.5229830916660223,
0.7423803876475957,
2.2566043946466965,
0.7664542573268519,
2.113465300055813,
2.569314956358805,
1.0029567267249406,
1.9154354797177362,
1.7686867673453663,
1.061189605293967,
0.3593114336984083,
1.862336759768534,
1.9458694458122812,
0.7864081067127724,
0.19270906342970137,
1.7915952671452928,
1.6882190187884836,
1.3632137417403916,
1.6770214639705692,
3.1356624739751373,
1.0667860222361938,
1.2906495488358973,
1.5670666295940037,
0.39239644493155224,
1.5023214105375895,
0.5713062443538836,
1.9064343419469045,
1.5243178494296732,
1.103060136470039,
0.6172811221104644,
1.4342296495916638,
1.224959815598007,
0.4696900125140648,
1.008863966454476,
1.7190798457067809,
2.5794936460541553,
0.7743636891590477,
1.085850367456912,
1.2166560567826237,
1.6157762698854028,
0.7040291355406924,
0.6361886958386734,
1.29432780434448,
1.277165813355041,
2.151035679951958,
1.8446116184896473,
0.6606496417575736,
0.9109594867394425,
1.1091492726485537,
1.9376176386173525,
0.39494916683765785,
1.1365584498442256,
0.6187952959069437,
1.1013230379104444,
0.30836751581198074,
0.6333107682429201,
1.8229877254090248,
1.0597066094875887,
1.1532861286005955,
0.7242682141658905,
1.5470512561310954,
0.11042814286760622,
1.3723851028229193,
1.0447128098180958,
1.5912360989191863,
0.09733496595404796,
1.024429281665947,
1.801880501401396,
1.7850557443967048,
1.8045067221509106,
1.53578311940301,
1.0464627595966685,
1.580393058843051,
0.7739478990568985,
1.7910196359096155,
1.3399748195631345,
2.2130684926432878,
0.9246959145998689,
0.6753724283626066,
1.9297976418071259,
0.01667843225560524,
0.4187233125121286,
1.3342616504652254,
0.6257792266321412,
0.8430849503815427,
2.057390672340325,
0.2938265312589545,
2.0813531066051043,
1.1176458575079335,
1.089218270242507,
2.1025082011158616,
1.558223319752078,
0.2157527139280462,
0.486600499868112,
0.5647150304872465,
0.8531568764016334,
1.031558611154992,
1.6209019487460246,
1.461323571218083,
1.8439534249526188,
0.8786030930824249,
0.9756215387571257,
0.36522286510353524,
1.2944993664907825,
0.8477585804923548,
1.9732842593354123,
2.1653477700786548,
0.8789695906773871,
1.3716954729745443,
1.1338585031078454,
1.8808835578043852,
1.794672380105731,
0.08176882787179136,
1.2751843591918597,
1.8188853706236026,
1.0049994311963462,
2.848376261127954,
1.5951070697872072,
0.5635968349609104,
1.5815801034374242,
1.2831480986889914,
0.8863059073065634,
1.1623185811605214,
2.6471825175270793,
1.3224607917273334,
0.48038956016261425,
1.2530270079971813,
2.054885144329281,
1.3545604233182262,
1.7987053015146077,
1.808898037721794,
1.9208126192487402,
1.0106549070447484,
0.8897764498336933,
1.478102590586449,
0.9671562015181685,
1.5001546494059699,
1.6845547266435523,
2.1271374762704744,
1.3371607205806577,
0.6203048173063423,
2.1771721083548634,
0.7681017275367683,
0.5618844524571872,
1.1011089174727526,
0.7836203104254882,
0.6154098752070537,
2.308049383958307,
1.232279554164924,
0.5589831488522221,
2.0198058040146147,
1.40246903448718,
0.6971580864342115,
0.3649147972586634,
0.31648666851947294,
2.307077646552313,
1.5312068266444665,
2.1125844171465817,
1.6766001729415032,
1.1182242425135198,
0.18346982238910803,
0.1947855746865044,
0.4674528316380808,
1.2980147358739067,
0.4748285661286588,
0.39655220532812724,
0.44614836412190906,
0.8453597280068974,
0.5150184612217711,
2.098189419792739,
0.9731273497867793,
0.7200248656838718,
0.59235024196323,
0.3904085950456284,
0.7722322347200489,
2.3825375304249756,
0.41318324860530675,
0.7241097622305209,
1.5785549832597285,
2.127122371069778,
1.2782503395906823,
0.8732269055132598,
1.0664427218370933,
0.9433680756793048,
1.4738129950800591,
1.4319896898711904,
0.8943296244258474,
0.8567344554553029,
1.2837368041109471,
0.9691832980029782,
2.4999174337662615,
0.9408703947847713,
0.7256430202616715,
1.0817292737108108,
0.805459077557821,
0.874217699287837,
1.3714480765726693,
1.4134147188723323,
0.47322169293489424,
0.5611637508064463,
0.9792799202307092,
1.0793998954622088,
0.7601874378359454,
1.915941213197308,
1.070546903750557,
1.4132905886357616,
0.203221677728243,
0.8611026924141898,
1.7763056970134403,
0.35523783158556954,
0.4369390968484315,
1.6868521242244194,
0.40483261598454195,
0.6300653673451716,
0.6975970826170761,
1.695033436743324,
0.9853968264749744,
1.906632931991337,
1.2890066235243993,
0.693297286350354,
2.200463725390225,
1.0997481753146734,
1.2792839770004976,
1.5292447350132534,
1.0435791749098478,
1.442156250295105,
2.7594178365133035,
1.361319975133397,
0.8356334539111848,
1.2385321734449461,
0.6884290355079121,
0.5959457925092316,
1.0918543931316111,
2.048540559572182,
0.9841087100253937,
1.84933988383316,
0.6135199078118904,
1.2558612760962427,
1.7496738758316013,
0.8045573322076179,
1.2249708035118594,
1.0330970793031127,
0.9236347367198784,
0.12179344312684523,
0.6604166183682185,
0.9338467471895263,
1.1980288722268917,
1.3534943424257253,
1.0582457195304382,
1.1759347159547686,
1.2924287861803143,
2.181644578766418,
1.7993665580402138,
1.2999682830140438,
0.7263955084330065,
1.0988307086410278,
1.7233587315723184,
2.2579453102292617,
2.0347699879268966,
0.5863938436156071,
1.078765678829102,
1.5710394644021985,
2.237978202015484,
1.914232112087366,
1.7870777460741496,
1.20460192372341,
2.073888969560732,
2.2630130177590346,
1.6966338148077744,
1.9647917284041319,
1.5221263475543723,
1.6722787650121818,
0.5612578086306897,
0.45975643770628344,
1.9319868238824995,
1.3316429692205398,
1.1482033654894124,
1.033204456575473,
0.7527135544951038,
1.1098392933703218,
1.49343715302896,
3.4767358186127466,
1.6249444810562006,
0.6934620036843244,
0.7306013819419763,
1.2707507553806934,
0.7210595139686977,
2.0119125950459296,
0.8373687916622057,
2.237197175263187,
0.7503049162483735,
1.420802271062245,
0.8254577894440932,
2.4620281678409643,
1.927175316090017,
2.0273090429991822,
1.6726677022338898,
0.7451241407820607,
1.7755725519833783,
0.2707165435358782,
1.31263960591459,
1.1864463347523944,
1.281234767048653,
1.2851175042006564,
0.8154779133930715,
0.7240820105310094,
0.2768094421051397,
1.918947933196505,
1.2646904280556572,
0.8176611800638708,
2.6816187587113265,
0.8994508681216893,
1.22106038535037,
2.195704300802373,
1.4967163838109845,
2.388608725467134,
2.081245327543191,
1.0275661157202653,
1.199125393583506,
1.6674263730678818,
0.33294576151041066,
2.0215948089393647,
3.0204118678687504,
0.9235624873819238,
0.3630778106858031,
0.9439446558813628,
2.118624503768156,
0.7565308730351515,
2.031392880838906,
2.7284182888422857,
1.7907449097147723,
2.807242768710978,
1.5223990919208954,
1.3526678024398908,
1.1863659949929082,
1.1637354856320608,
1.7124208678819495,
0.737377283446982,
0.3847431078997896,
0.5456172536210924,
1.2632683670575442,
0.9583001978213121,
0.10099629857817236,
0.6175449872342376,
1.6310758805007464,
1.426359031477481,
0.4860421991383719,
0.4708626573572601,
3.1389247109838787,
1.2528657596250135,
3.6334784259105026,
0.8873199686296726,
2.603809390079986,
0.7742540595298889,
1.3980038459900583,
1.6513194852621498,
0.3332621358210231,
2.0101261554540173,
0.8318089549582656,
0.36016453449000113,
0.23477165361265834,
0.825520230307866,
0.6569952884422939,
0.4947767207606763,
0.8476671921232387,
1.5403173721393066,
1.031984470346039,
0.5823592327602634,
1.4064331592937254,
0.7032950768843649,
0.5479357951514651,
1.2599284977712544,
0.7045525279656573,
2.1387026557502398,
1.266884097309106,
0.8678400742916378,
0.9623460716316219,
0.06521013033706488,
2.625050218773189,
1.9035811336757555,
1.5583170727742184,
1.2840809542233567,
2.4275243230563084,
1.7729109100529004,
0.7238335305170784,
1.2960899468242115,
1.053823379286386,
1.4725635218326094,
1.2932027945570548,
0.9788159958402922,
0.8586465114054875,
0.2916746393571593,
1.1632863897281345,
2.2997030638280167,
0.5368576392622163,
1.6601133162953554,
0.22940322123622775,
0.8918049214781165,
0.7852506407584288,
0.21499506964838633,
0.27991431115017035,
2.130719273294061,
2.8096533452928187,
1.5058308918616687,
0.7006846460502145,
1.0206640374993985,
1.6417636362056454,
1.2444811208484852,
1.3164989709517232,
1.3320169064137928,
0.8537052253619264,
1.0546539010724825,
2.1327255291629843,
1.9070628073261318,
1.0152437849029101,
1.4324485152922715,
1.5369020697038194,
0.5307067117452222,
1.9317528478161061,
2.1969823247561377,
1.788161652272855,
1.521010358207059,
1.0808404338918427,
2.3605462812482254,
0.5676348982733306,
0.9136284364741134,
0.4094671000069597,
1.4467124307396286,
0.23664170887515357,
0.517023943147875,
0.9303375040490977,
0.214997951131696,
1.5660422440804525,
0.9143549343729315,
1.429216883079016,
0.44033994810192834,
0.6974204959958642,
0.9632268283733676,
0.4767577623653866,
1.3150556270980653,
1.1584108041903531,
0.8108203983087406,
1.37443424291862,
1.0694416630094128,
1.1939220422432664,
1.6276454418825514,
0.38058482920445263,
1.1371598624587471,
2.1850063770678836,
0.6212721847662529,
1.8940591472895134,
0.11708468354841026,
1.2349645887391012,
0.7206631642520401,
0.2511149365589135,
0.2685216353444309,
1.362178988386337,
1.3817321719080522,
1.84899698454289,
1.7250870645236003,
1.0515675073530548,
0.5347739726968828,
1.4300943258993084,
1.9167930693572888,
0.9875296293108441,
1.603403590287728,
0.833593386653764,
1.637940949435594,
1.7581274859620455,
1.0128662736269956,
2.3319923511996823,
0.9641586450405852,
0.08208667389215069,
1.9770570696146017,
1.8936089717017317,
1.0409487526517887,
2.2789894231863483,
0.2825284250959785,
2.4386940670326522,
0.6744716873204407,
0.6119683589563993,
0.7839667937043562,
0.8178060510967204,
0.6326901312319079,
0.3906569212670626,
1.0139981324985465,
1.0593322159249994,
0.34321048187573183,
0.059032264423665264,
1.0351336493365348,
1.0757073092214597,
1.4625068359197895,
2.6056228302633127,
1.3356967503502284,
0.8362202443310709,
1.333648929795848,
2.3447478161425748,
0.6504146188139017,
1.6820095940828734,
0.7956090969113733,
0.7128645189377055,
0.33911887750704783,
2.070119987781595,
0.7627690670050465,
0.5879995883619453,
1.1561406275437949,
2.5593143179222997,
1.6288732470021798,
1.2520641902124523,
1.5178080901057072,
1.1666889605795299,
0.6534808440849494,
1.841724869105284,
1.781506812698543,
1.0843985080122096,
1.0378951870599407,
1.0981683399364848,
3.348548663585607,
1.5479884744936743,
1.7375594071793559,
1.6697308463295941,
0.20700947970294375,
0.7897554849792896,
0.13376371779108995,
0.7806850770884469,
1.1288299466661924,
1.412482862314107,
1.3049204763366313,
1.6584454344336752,
2.1884837920699796,
2.156189941634773,
0.5029407008241367,
1.0394060679178272,
1.3604252978139058,
0.7249550066363749,
1.5230291557062694,
0.46818788961382624,
0.6338916998297971,
1.2446926039797224,
0.4122042202187954,
1.6309758884836445,
1.1015722121758325,
1.640996286693888,
1.2124298088264915,
1.9081766982952075,
1.4696152466128996,
0.5780618101915626,
2.722165257320714,
0.25789549108956783,
0.891298472771524,
1.0728276845690987,
1.8040280526286703,
1.935924854438017,
1.5676528342583,
2.448868866377461,
1.129653596071326,
1.171641161141219,
0.3802036122359137,
0.24342822590973323,
0.4885149951759789,
1.7624154115011879,
1.0381261136530993,
0.5303590954395945,
1.4617788746406304,
1.7494752094901576,
0.9328233417294813,
0.6929439249454337,
2.2772877912471228,
3.1864554739574493,
1.6729305483406367,
1.4982403628907157,
1.1793438564750962,
0.271799151572105,
0.7313103376580403,
0.8211482782952715,
1.2142406580790681,
1.3444362416866276,
1.667387081836658,
2.0935518618606577,
2.551473378905363,
0.9377091903991591,
2.0845616310074138,
0.20882862460306337,
0.9062801762621621,
1.08489088197788,
0.4868303334495165,
0.5937500546537106,
0.9326238309109847,
1.309188688196838,
1.308297426017397,
1.0616443019073203,
1.5132419241240165,
1.5037466105151285,
1.1934877819085694,
2.2983656494729887,
1.7224494860491921,
0.28073927416017447,
1.4257889156118835,
0.4092323878246662,
0.9258096524617052,
1.6135154061093406,
0.7954114184248545,
1.089332925596419,
1.6823977907595313,
2.102964387945265,
0.6385379498145242,
0.9416390365481175,
1.8203859027253122,
1.1080686208245205,
0.6275896111553751,
1.719808625833073,
0.5906937784896342,
2.273211445476512,
0.9883736899569334,
0.8696551291072592,
1.1547276122681749,
0.2907564134027182,
0.6074317307116627,
0.5067735129056712,
0.9390943990282279,
0.5256792847720634,
1.630115342248091,
1.0634933402798328,
0.44595419185886764,
1.5938600840678148,
1.0519290521825235,
1.1148956930209513,
0.6929311152976912,
1.8504744582797448,
1.3196166139215575,
2.211702181075578,
1.4829751703165817,
0.8516716713861726,
0.9935569245460513,
0.8859527100542332,
0.9817365802301696,
1.8879827638151643,
1.603340327469441,
1.6253424683453581,
0.9507574623251273,
0.08338714993338224,
0.25759351948518133,
1.3549986489317123,
2.662921770745816,
1.9554813823726358,
0.5759072036451766,
1.5757888300749117,
0.7399543386534091,
0.5766410040970863,
1.1209355498158688,
2.6563439251375414,
2.3969117144107384,
0.9647443829941098,
1.2405525705798692,
0.44911640948981946,
1.7089639355084791,
0.9060269446985314,
1.558668204502215,
1.3173857843913896,
0.6325126409708297,
0.9543615781537664,
1.1221460540340642,
1.4495642211119726,
0.851545311921737,
0.7137667774203917,
1.0662950133558384,
0.9136716723770342,
2.43747084400834,
1.4777186454256483,
0.6321710002696318,
0.7582713216012239,
0.9492830147209231,
1.355740504149733,
1.870242637807262,
0.3054569582389223,
1.316859258247995,
1.108687699469978,
0.5866293145769809,
1.428281886656358,
1.3576782397205411,
1.3057319157663068,
1.3505762441349833,
0.9831094090285547,
1.5534406770481857,
0.9368833182573418,
1.4800667403901195,
2.102422578755561,
1.3057930087460123,
0.20264064918328217,
2.433737710532739,
1.7195017156123247,
1.48997638963753,
0.9543136019823993,
0.3674050301030382,
1.4967341645138112,
0.4300890523747489,
1.0132001278772083,
0.26121385106596795,
0.5942003730631354,
0.90430563763778,
1.682322974066338,
0.3841771372851333,
1.0679993543141475,
1.1992340131203567,
1.332896879737149,
0.5773598440637279,
1.6716983595837178,
0.6838539807941075,
2.588644239599156,
0.6750156851816238,
1.091444865364364,
0.5559019786733457,
0.7597146452521389,
0.9133484611243996,
3.509752674434006,
0.3633793348429593,
2.302747405853274,
3.061065358323327,
1.5442493313792907,
2.0216069500668974,
1.7623835375773804,
0.8514868779936113,
1.8480459150523998,
1.3336619453031602,
1.6289919482311839,
0.6474206120703087,
0.7770227557421755,
1.6512036857165344,
1.255599630158529,
1.5800940837211375,
1.271745815593485,
1.3164577125801518,
1.873115309611816,
1.336966784520188,
1.3076352873924155,
1.9208208524022006,
0.7480391538567362,
1.519446667985442,
1.8522604843904826,
1.0062870051618489,
0.6843582963518361,
1.967913568871021,
1.236538803562303,
1.387059621196691,
0.7463606537754943,
0.7775308642573824,
0.9816822656424485,
0.8949854108700476,
2.2607898514404607,
1.281213172823409,
0.29081491013394584,
1.1589393208745864,
1.0165088354385763,
2.6219128828645024,
0.8250343635150151,
1.6755821166704274,
1.4196146426937588,
0.3076561114970475,
1.081439450079004,
0.7280202457272029,
0.6186825340573245,
0.9952317496369248,
1.440247516118138,
0.32957319833906723,
0.6054190025881984,
1.0987185658092373,
1.3918177810594274,
1.0351255159719257,
0.4420270387266354,
0.8649768184714407,
0.8807025499748579,
2.797786198784006,
0.8751536310671806,
0.9452678251540495,
3.91297909660355,
2.960430624714421,
1.5044535442839302,
1.3001498091548427,
0.9483382541283625,
0.3153980261192749,
1.3125035048104021,
1.7933707543872988,
0.14794667249431379,
1.6075552464391432,
0.877647320810558,
1.7018582950183645,
1.4086124464111232,
0.9083899520666833,
2.430470890844002,
1.905636685568267,
1.0926964049723706,
1.8720915258429744,
0.5774182478579001,
1.770332732785303,
2.2874454214523516,
1.330371940111016,
0.7525256033814015,
1.541111477832381,
1.7909839169622948,
1.5178604681728467,
1.1020072388786422,
1.576371495838035,
1.4967649951948312,
1.0556405281373775,
0.6589192224962868,
1.6236263084711404,
1.3779711107806047,
0.4923720775062927,
1.6114698687978088,
1.7023852185031452,
0.6759610261079027,
2.1654137652055554,
0.8773619242146423,
0.673781867979184,
1.0725364740209482,
1.5564825373383884,
1.4771927934608713,
0.9013276484518532,
0.3528187686882962,
0.1462892650453177,
0.7748797314378231,
0.9723544839250137,
2.7378871197756918,
1.417585050988325,
0.7518133899706504,
0.9518637025877145,
1.9685348884298004,
0.7740783349488273,
0.7298320082196647,
0.8688270114199349,
0.337526767266003,
0.25417629478948306,
2.2191125120013413,
1.5334622440666117,
0.8318598263847914,
1.3833912118472487,
1.3024100778365713,
1.3714382665615745,
1.7273249215702577,
1.2193957649850575,
1.1134731724730111,
0.4858505479226435,
0.8275071995522212,
0.8914699606813485,
2.5272072727017614,
1.0117682667802832,
1.524837910432641,
0.39420733970748684,
0.5912841427830399,
1.2822499144190391,
1.3463514859675296,
3.1140998099155675,
1.1092066094333195,
1.8026208862708502,
2.4717289909685856,
0.522463784282984,
1.4614185325532787,
1.6175882975902987,
1.6618994659887814,
3.5875210962351862,
0.5098142781929352,
0.26337764261180835,
1.7554870743498512,
2.4417519326814046,
0.776655955581977,
0.854587480030874,
1.7783960172292097,
1.6017924314826664,
0.39536043767131146,
3.1372181626822337,
0.7642194216300471,
0.7442512650472589,
1.1238403795934242,
0.5120537241854437,
0.7015509725319461,
0.48147973392191223,
0.9750331564708763,
1.0060017873669398,
0.8358833015800262,
2.0957504821962196,
0.9902118907868639,
0.7481079881254473,
1.0502655786684396,
1.4393151736190324,
1.4398630389094909,
1.5782613273649655,
1.7236329614379386,
0.41737612199084834,
0.4104371644325539,
1.4667340864615557,
2.2431460481298933,
0.7341230039689531,
1.8161913177949096,
1.9837409111406719,
2.231528855224657,
1.854818423842291,
1.1840433034102675,
1.6256487815759029,
0.9508438656185912,
0.4548796540334859,
1.6480150406314629,
1.5186634709611257,
1.3353868945031695,
2.5560827362369354,
1.089534338768531,
1.1551508773433905,
0.43855822649152065,
2.503254956272521,
2.4123041555319964,
1.6476752266535,
0.5730351010429754,
0.884465501854249,
1.019506412552208,
0.898984012613177,
1.7002390995191807,
0.9374948637210457,
0.5125550301407535,
0.5129040488557525,
0.42673372025063877,
0.3544776493815379,
1.02021869895134,
1.2281200572257367,
0.9280681711322025,
0.4405409700543461,
0.33410855813941637,
0.6742887692103632,
0.9254660633055464,
1.5945109164907127,
1.042003615897707,
2.639202364888142,
1.7471326330577892,
1.2646572760115742,
0.3177375303414673,
1.3685734737605455,
0.4461161316908363,
3.5959555291192697,
1.5831496958881057,
1.28452334770675,
1.166432897361478,
0.3727276078526527,
1.2014874557450088,
1.1782242526982996,
0.19503800871125979,
1.9876175937587894,
1.1906333563874194,
0.8781424242505723,
1.256604209532711,
0.7530144732537414,
1.2285269706518096,
1.727245388451193,
3.3717865786154597,
0.5860550478096672,
1.616064188168663,
1.8230277363106935,
1.110232720458545,
0.6058201901298008,
1.1675066835911316,
1.286853579535556,
1.9718638575063683,
1.1181580491247127,
1.481202711340772,
1.7364450459659153,
0.8274285739300344,
1.3530552635288646,
0.49418382585170706,
1.1677870591985846,
0.9958397125204462,
0.28332501591559184,
0.8778138633348695,
1.3013141043242844,
1.3645237578619591,
0.2672844094351081,
1.3123040733380393,
0.8937991546691278,
0.647984513280352,
0.404876933914757,
0.4424279644295306,
2.1018396282671175,
0.14671208492111604,
0.6780476928533793,
0.9003504834544473,
0.613277611372271,
1.1280917185882349,
1.4604106847970342,
1.7868149962802928,
0.919437167743767,
1.0855681766973997,
0.3809368001298057,
1.3718445113931867,
1.1064080866500048,
0.9539861177967869,
0.6776727928315969,
1.7893797472684412,
2.613285055791117,
0.6485109567710674,
1.4840969606073615,
0.826113222529842,
1.4730340116561358,
1.72073883830202,
2.1142952448433334,
3.048004018173551,
0.6742639976773528,
1.3374908360346978,
0.17972669198998806,
1.3620798163760395,
1.7123763327201607,
1.773195898954793,
1.1711822190602192,
1.9563325302773842,
0.9438016424820568,
0.9277679709376412,
1.0950275157002485,
1.5459711548257749,
2.221585110602487,
3.631309958850259,
0.5786249982932087,
0.895108066852838,
1.9376677717247413,
1.3687667263769754,
0.5350970098967324,
2.105661976370468,
0.5635772546983253,
1.065262639617967,
1.105748210567942,
1.9949835120467116,
1.4039858407358192,
0.678418268806169,
0.9352420129938858,
1.5552678836720297,
1.750145458031088,
1.2354153736262972,
0.5700200590839791,
1.8096243888360495,
1.3708621110613939,
0.9107280706277067,
1.0105364641905414,
1.0602195593149042,
1.1756231264111714,
0.35830335041502337,
1.7288016709553549,
0.09571392500320036,
0.5525047820606076,
0.24157186007030726,
1.3584875014272744,
0.4070854780889567,
2.0542180541483757,
0.5927445646432654,
1.4239298088008414,
0.5274765129280744,
0.8982272189210218,
2.3197914699623126,
0.30660571012978877,
0.7081483771891927,
0.6273809126579253,
1.7015655410794466,
0.096992728054198,
0.47266921075931406,
1.5614989413867097,
2.745454453330181,
0.2281815073018342,
1.8403925655013513,
1.7625622933524898,
0.9480473507455618,
1.0343108424802734,
0.8581211847156008,
2.1162795158686527,
1.0766452381773153,
0.549314491600433,
0.9015582933813673,
1.5698475086169477,
1.224392447639661,
0.8438102777150931,
0.6304014719767099,
1.5034780267660885,
1.3055352075855104,
0.42662815653633673,
1.016066158616165,
2.0044733896265425,
2.118255491753212,
0.8596436258152147,
1.1674162090373643,
1.1567797275469622,
1.8435071468223965,
0.996529626021266,
0.8288195212841347,
1.2728520034958086,
0.7202295364536306,
2.3474711600542535,
0.8245453686386676,
2.8438036541352085,
1.1428598259955163,
2.0166585484387514,
2.03476186116322,
1.365285247988714,
2.133824523318966,
0.7770606166445714,
2.110417845756234,
1.2905300743805634,
3.3057105680210936,
1.8796769390018617,
0.9355595729817016,
0.26586506121382875,
0.6501777486910809,
1.0095389916628956,
0.5936598450512874,
0.8435175388000072,
1.8174464081052422,
1.555912850417758,
0.601339933060286,
0.879594852380667,
1.9018851152605045,
1.0514378522028422,
0.595013170679737,
0.9891196214364856,
0.5943659302917033,
1.222608141825247,
1.579891955752483,
0.5628899045284026,
2.042147380103415,
0.4939111735176774,
1.1530854079875725,
1.4075139907666898,
0.3730932847400724,
0.8863349527601616,
0.17450321402629337,
0.41815833838747424,
0.3550030904507158,
1.3904965186062634,
1.5075812186223385,
1.979110640912828,
1.0940687183996611,
1.247872312625205,
1.1153650424223323,
0.3051643568665201,
2.1485273645171716,
0.3454415292795091,
0.509160392875881,
0.862102166952068,
0.573079389020029,
0.6615466987383813,
1.1812589826192585,
0.6514587556962448,
1.2708938313280156,
1.342045074780609,
2.6179351636812904,
1.648806009388472,
1.4409991466275704,
1.3968886649266563,
1.3625281849079138,
1.4409731582673302,
2.019833300405556,
1.4098427211487123,
1.7647839424752843,
1.1762713001228557,
1.164927973398014,
1.472161293241098,
0.8131107622522614,
1.1213028001373488,
0.16462887478664878,
0.8833489898522161,
1.9087693904484047,
1.0581460858677283,
2.817531308839255,
2.5255773449992756,
1.4033303288438008,
0.8621484433120462,
0.9385087810605794,
0.9717236217657889,
1.4675498545627816,
1.8671680434455247,
1.2398457304565669,
1.3654292323048776,
2.3561377480924435,
0.5201588998599224,
1.2025603058828571,
0.5019412704951185,
2.757866896495967,
0.6328940861543779,
0.6321405245712288,
1.8982339249329565,
1.753851082883888,
1.9343951022046773,
1.0952204075751852,
1.6693918420480676,
0.6210811983033587,
1.345522489752001,
0.6623916540758369,
2.060775892571701,
1.4962055095613027,
1.9045553036820821,
0.8552909420791377,
0.8139100033249816,
0.9375378670273274,
0.5368863677210822,
3.526433255392193,
1.8908335177790887,
1.3705159218905814,
0.6632030140046669,
2.8626573013055627,
0.23162698975258264,
0.5352202237358489,
1.9942493896421363,
1.0545990899270816,
1.8082990681295532,
1.823981447627217,
0.6704140091969366,
1.9705490979189708,
0.6038719448104041,
1.3211430240523632,
1.220584849478846,
1.3594890440794047,
1.1529846080420305,
0.7737671742626538,
1.685086726156346,
0.8978540127094592,
1.4510400214270882,
1.5230237593383813,
1.3969467847426622,
0.7590708044245804,
1.0895173215605223,
1.335732180207668,
0.9450977517777367,
2.3974975361966475,
1.1444448670432295,
1.3839175782093993,
1.1817029983310448,
1.213287367400352,
0.738274249208781,
0.8159540684074982,
2.1308080033418166,
1.4870492998358864,
1.6914345759173615,
1.8974932184985462,
2.2396868459887216,
0.819201696918372,
1.551192685258023,
1.06845609116573,
0.858897918283212,
0.5616251099338857,
1.0667814257865278,
0.6442696546863776,
0.9647767339075128,
0.9313268461849777,
1.248892540651192,
1.3589093053302939,
0.045541797686320135,
0.7194257743404715,
0.6179720399251487,
0.4018783659185246,
0.43741758831115096,
2.8778186470697054,
0.43260366893970525,
0.8484860911149397,
2.287133427646984,
0.4541352063299988,
1.3620256248617253,
1.3009924680138871,
1.3029027225165313,
1.1058408828716564,
1.2743872755691077,
2.3994073293019245,
1.8491663999785897,
1.1223767383899848,
1.5168485593591645,
1.1817189895626439,
0.15470458004497112,
1.6418505707641458,
1.5640442721405832,
2.6556406487018878,
0.3524072240899203,
1.4463520717263167,
1.607124033052891,
1.7330282319007466,
1.408453942610667,
1.749243058408886,
1.365753070212642,
2.1785637229726844,
1.0659099327862516,
1.3532576267781518,
0.6392344728051741,
0.33549089560656314,
0.8176472064121673,
1.6113902520430152,
1.7835056600408175,
1.6969176517026097,
1.829659466166352,
2.07480989353342,
1.6998783546353968,
1.8107987441829756,
1.3450979383523605,
1.0585395460924172,
1.4323283323638623,
0.7049342823381988,
1.6032397709448705,
1.9042352643832985,
0.29094354693639457,
1.606554056955634,
0.5576786558762189,
2.379182195242065,
0.8875310996189625,
0.1329748117485192,
0.8208707465931613,
0.29862880309624557,
1.0838437358768391,
1.15562602114476,
2.4423642508674157,
2.2847007588422112,
0.5136445434779761,
0.7484919736945769,
0.9165138708779573,
1.0728166005074102,
1.4901465238368488,
0.36818427152786043,
0.9804072697232649,
0.8091441967919852,
0.6735427662929959,
1.353867671103849,
1.3485334364049293,
2.381807936867094,
0.5448036116589748,
1.220817941899832,
0.3386961174981704,
0.6602882266218495,
0.8412590667954918,
1.6759499118944454,
2.9695251268096023,
0.15651518766089337,
0.9261537210810741,
0.7209418274092817,
0.7499096513106701,
1.7511416235293142,
0.6384590636709492,
2.133336969576255,
0.5164099692579772,
0.1796477714353302,
1.948842229103248,
1.081810667820783,
1.1233557002886037,
1.7560243252578687,
1.4034507203650761,
0.8655508853263314,
1.5088914627887267,
0.9782592714873892,
1.884339786326734,
1.0256133086845993,
2.0663070241668655,
1.5904722354910283,
1.2708126504125574,
1.0190927196576374,
2.276968601477052,
0.5933953489305304,
0.12823932639795746,
1.7778143198169034,
0.9670134026997603,
0.8641277294971229,
3.206703270544728,
1.0308277572101985,
1.1904969669283265,
0.2968007615899796,
0.7631900892052745,
0.7909618038071342,
1.2666118931029193,
1.2860635899521269,
0.9563978639709328,
2.0908637883916454,
0.4450489853940902,
1.5445096556439828,
1.1159976930398552,
0.5925372503243135,
1.3656926017288253,
1.9473945178116039,
2.0686469367513896,
0.9675117637262856,
1.200972666598796,
2.455014493689857,
2.439162169353371,
1.4104790622472745,
0.310591735611801,
1.2971301067772747,
1.9132492686565876,
1.435910971460991,
1.3107297506072455,
1.3787005495960396,
1.6200612541242903,
0.8981357209923837,
1.234096544201397,
1.1542220095055846,
0.8782018379567265,
1.566889190648392,
1.5200371547799023,
0.7047131479271004,
0.5497770133630513,
0.13940202572565982,
0.1800429050152785,
0.6408377641385518,
0.8695217057432101,
0.9767443135788368,
1.8307651522924326,
0.19112577071134015,
1.5661967764529003,
1.3277031763635059,
1.8926563387289095,
0.6707505273368902,
2.026569196297834,
1.1186633213716464,
2.4601618797780183,
1.4600337312914153,
2.0817710173533337,
3.0566883898203367,
0.48865760779273504,
1.1926520152006752,
0.9670086082117834,
1.0009827524998745,
0.711160973079749,
0.5370893817510751,
1.5617272948947811,
0.4496051052475451,
1.851253598774138,
1.3060234612529484,
1.8192594223767624,
0.9401516581161122,
0.8116979265984132,
0.7374456520254491,
0.7636924351466412,
1.1730702696699797,
0.8251230187995943,
0.9687834054369624,
2.1114774930339215,
2.687854560222873,
1.4565432847644602,
1.199312501822658,
1.36923612275985,
2.1147928132512512,
1.7447721216331415,
0.5627186341827142,
1.340081047553771,
0.808611171182422,
0.5265792066428635,
0.8323365690142954,
0.7599760575784795,
0.5234360516616133,
0.6686099016611208,
0.4647102986276861,
0.7989586170067542,
1.0455474509562566,
0.36327000400903864,
1.857966732264121,
2.4812570049608014,
1.0231891423223227,
1.1022713288458228,
1.7599557824998204,
1.2685847050517476,
1.4099694435031436,
1.589910879302718,
2.1857158002666517,
0.3272327207304417,
1.219154727889027,
0.5023078312632185,
0.853069083545481,
1.4113690769514309,
0.4709644488611355,
0.8397893031354304,
0.7416525097327804,
1.2876156414484512,
1.661563928392434,
1.4963205322092539,
0.5364826380707993,
2.1329023063308434,
2.3412648202840063,
0.22865763725999932,
0.3963708800174829,
1.0048916045463387,
1.6468050511606125,
0.11916057854132528,
0.8004480824339275,
0.5988525554891238,
1.6345827777367847,
1.6711427088257456,
0.3972003073168203,
1.1617878766533172,
1.6974739554185871,
0.49888323510819804,
1.3004985780197265,
1.2498190625360437,
1.8765705651748494,
0.4079726414528669,
1.7636959990076608,
0.3203128231757431,
2.638473654772911,
0.9135270355939527,
1.5437348868386684,
1.8892482062308233,
1.164878807828263,
2.0636627506049128,
1.3953771578686793,
1.5819908939317184,
1.8318645307316015,
0.922855780777686,
1.4304824953216373,
1.2555699626188184,
1.0220825652565284,
1.7754745558717309,
1.5692245040578836,
1.2420690775209442,
0.31114721352477814,
1.2184684385054574,
1.5932625507297524,
0.7958370731139284,
2.303443415908054,
0.7062131572885529,
0.9665388877512348,
1.4661559034021803,
1.2136229069204214,
1.5454266943240476,
2.5273930010470598,
0.9538938096387902,
1.8666830421184704,
0.6197932148151486,
0.6627407936164289,
1.3285708138246464,
2.3080641862371607,
0.7018233655536633,
1.4424476271064255,
0.41501879171418854,
0.43142879386607536,
2.221808296900437,
0.529585018005005,
1.3716161413444299,
1.5930469745215017,
2.4194576512115433,
1.2498495122484832,
1.1367586827585006,
0.3228919398411257,
2.0415340284784875,
2.1783821146549647,
1.204769110821476,
0.37873227076128096,
0.14168398835165666,
1.9140987186105511,
0.06408364796650215,
1.4660436908218846,
1.4399796483140201,
2.752552340159473,
1.0692217436454672,
2.318888823670803,
0.8591244259323157,
2.5029036060292995,
0.9425521567421246,
2.2053850931707943,
1.4519968049583718,
1.1869502510124659,
1.106185992729814,
0.9831232735558555,
1.5001901875400305,
0.9807996743013433,
1.085525629055389,
2.3116790067479918,
2.635700467848959,
1.267427922425262,
1.0903349142448109,
1.2591284498619055,
1.0980562100442701,
0.7774539994006431,
1.3559913832166708,
1.4470563350643835,
0.48525077936761857,
2.08274592254661,
0.865226798636544,
0.8821970627096746,
1.3669397146539781,
1.4247414797524864,
1.6863947491188918,
0.6437363056421107,
0.5715553301766293,
3.4811233805399864,
0.30252396167475865,
0.7485044288057496,
0.6854448016430985,
0.7620041857804796,
1.0843489825536827,
2.8806812232820063,
1.0386544394305222,
0.3498777382645902,
1.5840542554093244,
1.5445831596876989,
1.179644064815737,
1.22645212654836,
2.2393286838567272,
0.8004681984047808,
0.7344810246639392,
1.23929207277837,
0.480670101952678,
0.6730986865113852,
1.7145298875880315,
0.7957673816151818,
1.0470140263060668,
1.09743650091642,
0.7189033088325111,
1.3015855544362671,
2.524386742236722,
2.4343558690877214,
2.0302600023247503,
0.46072390567318705,
2.298251698453611,
1.450070708247244,
1.1429485874479537,
1.0133587154760453,
0.208562493628993,
2.311205993717686,
2.0595988801417553,
2.5683346706392287,
1.1933184173042268,
0.6346190863589234,
0.6429941545080426,
1.2252767139050067,
0.6798680387442926,
1.0815948862442542,
1.2780136091660137,
1.0825126889181325,
0.8679328770799283,
1.0519440826832693,
2.2080806429223276,
2.2023783002324007,
0.770790595612184,
1.0555706272733745,
2.658678585388301,
1.912380292585109,
0.6356557969269068,
0.9523843573201638,
0.6176639096885088,
1.4753600876594362,
0.4204507368142036,
2.877393101464369,
1.2168757538882877,
1.74907744223823,
1.5394125121546902,
1.987500423367234,
1.3592419583658764,
0.288228468623021,
1.6859026527818226,
0.6475043819316387,
0.6670821602914597,
2.0393033799148683,
1.8072179922767053,
1.0664606480199088,
1.5305596929541803,
0.8127409241907639,
1.300377266221965,
0.748080781229121,
0.5195528063847008,
0.5709471755635096,
2.4453171170549215,
0.26434191253858513,
2.3755246687595513,
1.6717266347592106,
0.2516394260450887,
1.1125505377369194,
1.9974253208559714,
1.4926856698971487,
1.1285415402500338,
1.903829805457957,
0.7976959601528312,
1.5348072889108328,
0.28739306279687993,
1.5381266775888716,
1.615917932674714,
1.8279223949788441,
0.3133558430939081,
1.7425031090244434,
1.204043233712407,
0.26727104815992386,
0.23012758180432777,
0.7869015038049653,
0.763772733183742,
1.0925009354177846,
1.7948920673759678,
1.7295486999328715,
0.4626056003046966,
0.5658500304517287,
0.5320277195203551,
0.5738949793822798,
1.3474258993553767,
1.3359193230264894,
0.2512850526557167,
1.5280568443145364,
1.1580020772782538,
0.6406933123272508,
0.2186165087846832,
1.4773374032217539,
0.5199785759721265,
2.2948011068816516,
0.9703261501878172,
0.6064912782232618,
1.1741407801790398,
0.7307303299998834,
0.9713991762832699,
1.0457729270055987,
1.2897765856904237,
1.6619307565624186,
2.1799234549319437,
1.1682583365206016,
1.4694104353165711,
0.9163816129154178,
3.011665674284543,
1.315569041803952,
0.700693775919644,
1.1794605955436148,
1.8413586941660125,
2.583538000471976,
1.2272314298225744,
1.2111241130964596,
2.378684760251266,
0.9655550792980045,
0.7370343192926875,
1.2264106495286788,
1.0734096415816194,
0.8976223569324564,
0.3940593352208488,
1.0764498819081358,
2.0870047483968035,
1.4649621454058397,
0.8694543680600494,
1.42146850975838,
1.7781011036908,
1.5839610753978377,
1.2293634490116248,
1.4336075772184025,
0.5245578501198374,
1.077453890952418,
2.707863174170231,
0.4616510984434913,
1.1711358465660966,
1.6777088255731873,
1.8637419506291504,
2.5712278256052854,
2.0724904100259063,
1.497603798926444,
0.783684880690977,
1.357114611748876,
1.8339075590427096,
3.683476043452685,
1.3160072999672463,
2.6379212653764768,
0.4641017543364577,
1.0711359935504794,
1.1756056913528359,
1.8103698280816072,
0.7613043686751754,
0.8633160650193425,
2.2112384905415636,
2.28483257448638,
2.2186257050086127,
1.2507603594179457,
1.1273583576484743,
1.364015355164358,
2.1697479237389485,
1.405903187732995,
1.4004672930669366,
2.2262745064341702,
0.6631389269014035,
0.2365278225643828,
1.419402318701475,
1.944573945157368,
0.37858803988815115,
1.375407133834723,
2.7234497186857123,
2.068342157887736,
1.405769266500155,
1.4032862492165228,
1.6961562642381351,
1.8619621275867284,
0.5295153805863406,
2.886587734335477,
1.2050085182288879,
1.2061161643420675,
0.8150748915164162,
0.6419182045937315,
1.2117955481498572,
0.85088008194253,
1.3140450978207021,
1.524478164001239,
1.7035966348896066,
1.4708759292827163,
1.6352231541248372,
0.4777910979805377,
0.7208107522688121,
1.555850964161703,
2.0100709640783405,
1.8796410700449755,
1.0597644899909247,
1.258254079089794,
1.1083005982265772,
0.35094841054359116,
2.415510305935484,
1.139689320289394,
1.1126153693028988,
0.12371816798869872,
1.392772961478483,
2.0323001098498787,
1.3415593593648638,
1.2354564450362435,
1.0324782816285774,
2.118338301951896,
1.554056865718761,
1.6561844502960101,
1.4464782834862886,
0.526981713854992,
1.0507302852856442,
2.9106153034067694,
1.713898084789802,
1.2609836870910163,
1.3473875530091803,
1.0901237817970653,
1.7119273314350245,
1.428171810842226,
0.7598057492056648,
2.4727220199687046,
0.813400604177325,
1.7073772703297727,
2.121703055035477,
1.5436598514568074,
0.7138672760451465,
1.3538636649265485,
1.0340252638020873,
1.2160853076857825,
1.2839016963457883,
1.6394956791354698,
0.20271034265539747,
1.561640675810092,
0.6031120967727335,
1.6129205095407335,
1.8885499613922392,
2.87358444615481,
0.8479186456183128,
2.018961299240382,
0.9730516444617018,
0.8980139863781066,
0.36102073487785835,
0.7326190678945383,
1.0665513878805069,
1.1067924933215219,
1.7766009403120884,
0.8325999443215086,
0.4822392498867148,
0.8605469389424342,
1.0063426872882657,
1.1482593365079774,
0.6361058398809877,
0.1656892894727482,
0.7063971813620061,
1.1918426151168515,
1.4143488019457635,
0.9240026177050508,
0.6370785189961988,
0.7832138803244213,
1.458544751472111,
0.4031383585537776,
1.6841584858493648,
0.5956191738162588,
1.5157387306473762,
1.73317792423233,
2.268230993278115,
1.9993170317527755,
2.063588005485637,
1.612253161277463,
0.9238492059152135,
1.344031837892809,
0.91931737368449,
2.241461391628599,
2.3667968793546508,
1.745185329750502,
1.5841375198946304,
1.425504243554867,
0.7607609226321791,
0.6895242198824537,
0.8615722633152942,
0.5481868616669191,
1.5318803918219592,
1.2225500823688717,
0.9100886979779982,
2.7336020698312886,
0.8119095458716635,
1.4676550557160029,
1.8049274862845661,
0.5806594269065066,
1.207882429810568,
1.3184373243376672,
0.46344997259035825,
2.19602813020987,
1.102885821966385,
1.8137560456300392,
0.5990085193835175,
0.9075071104119836,
2.3137025633653097,
1.9767611745520197,
1.5193912841465038,
0.29171578907095425,
2.2158790534703456,
1.3598170890154804,
1.3849050471844049,
0.7641291125499999,
1.5646509305626104,
1.288192683157932,
1.7109115677884386,
0.7988144110133706,
1.0358993641656706,
1.1196111452093978,
1.3572470261405871,
1.4341725739363627,
2.5994148564940094,
0.7519140879897246,
1.3412121196529374,
1.1303881656429082,
1.1719074490847703,
2.726935687505309,
2.0046891188811826,
0.890901274542661,
0.2022268063942498,
1.0620859975322312,
0.6484561467152846,
0.5888323334549336,
0.6873330711998251,
2.0392421742847846,
0.41346641429218384,
1.867986778455825,
1.403408690263952,
1.3717170564310828,
0.18710329700825867,
0.6866199261168763,
0.4591133762603398,
0.5957984009597855,
1.1261531643181797,
0.7039634420613706,
0.18639859404564996,
0.6407474893386667,
0.7431563059307732,
0.4877723016073923,
2.1384042124245757,
0.34792951238665637,
1.035578316343699,
1.5008924556706642,
3.4592470548048126,
1.8305129430944649,
1.5258111205024545,
0.8436561894368586,
1.7802304776120568,
1.0589546122653604,
2.95145984259418,
1.075451133805465,
0.9780855078700128,
0.8655556204305723,
2.9955984931757915,
2.061988509475851,
0.3936571566242224,
0.5698544836469648,
1.9537254262097483,
1.632743376033102,
1.1525977091762842,
2.264100409668634,
1.0084087008926617,
0.8779534597379146,
1.2490759872536665,
1.7476677342191964,
2.3268987255836557,
1.9481709870889035,
0.21346698011038212,
0.7423442760997794,
1.2069434440563656,
0.2760274757056831,
0.8595016638762716,
1.1663571859369675,
0.9812921941494579,
1.0552012176429768,
0.8218283187535416,
0.8759833645895816,
1.04650352535386,
1.5474585761938116,
1.2133450723501424,
1.1712238697897164,
1.948862131288115,
1.8369376955517311,
1.8004780687653084,
2.833125735896461,
0.8022378669659136,
2.2017938788954585,
0.32712117299836707,
1.332858104205049,
0.30234787476639247,
0.4086128599678091,
0.7614286978225783,
1.7557879538864178,
1.6218708923583203,
1.0131922334852907,
1.2965510596130614,
1.2818418597970918,
0.7287659317401467,
1.2635550830385298,
2.1120198582105365,
0.7050253163392249,
1.6766182359574697,
1.6140719779535206,
1.180099089188088,
0.6515976674363243,
1.3708367253393818,
0.4688787377154633,
1.2851683449910962,
2.4242111925858683,
2.126428153000732,
1.283339929513716,
1.3811265480773458,
1.1764046312093424,
2.0589367290720952,
1.7649668123888087,
2.2139602501859694,
1.2985145830171192,
2.224879890574488,
1.0276888484044193,
0.3808431003944882,
1.1221360750622635,
1.1775950844011982,
1.0135657577116104,
1.8675039250157082,
1.861181990197493,
1.461196017282413,
2.248274222754241,
1.2611297961050434,
0.6972952160306596,
0.5185919040025995,
0.6686158080575276,
0.26067896281800146,
1.9504420733589174,
1.2882249265374714,
1.6597095149449126,
1.361029770283262,
2.838171098552503,
0.4510063818020686,
1.8358653929540594,
1.057314364460225,
0.6785661495916508,
1.0600795889246386,
0.5989537093027264,
0.9529820469421997,
1.2119642253335323,
0.5939588876366475,
2.948558084420389,
1.4287860377505126,
0.9908367468783751,
0.9372674129933959,
1.4105942315651865,
1.6893962081354506,
2.4447351610550725,
0.279383758780965,
0.16184865225583664,
2.3320957243957237,
0.5553728602161906,
1.3716040542377732,
0.6703847658910467,
2.0374808808210685,
0.692238404999532,
1.27607143461224,
1.8635694564075456,
1.4192328559581464,
1.4073940389304807,
1.452092917387453,
1.8560828636672415,
1.8505905861077352,
3.018431053991522,
1.3492453278881713,
0.42682239819353696,
1.354428318218853,
1.1733492353145971,
2.6857040774507603,
0.3705269881107448,
0.3385234629447396,
1.1225378768772891,
2.096456125346025,
1.2685221990249593,
0.2871778133892552,
1.4658256796260012,
0.6217594554782341,
1.0633218536098892,
0.546247151734438,
2.2947456339728056,
0.2799569517471484,
1.5395554756174432,
0.6912325805010325,
0.29760347879492327,
1.752594717840015,
1.281609578440434,
0.17395447349979062,
2.4419379496925355,
0.9380920860227978,
2.2324281445208354,
1.052270620047873,
1.2081505311177652,
0.24701133807863404,
1.3147461445533266,
1.183843273723816,
1.436998262973307,
0.20738901638983864,
1.3176647875510454,
1.1908454026511788,
0.5115572085319503,
1.1853989999436458,
1.541837286488425,
1.0748258586752983,
1.0204588280669704,
0.5468640098950567,
1.5363792052130416,
1.1753918864950035,
1.618764931603753,
0.9320276197589463,
0.649142237762442,
1.521862619398599,
1.314780276579092,
1.1023401595040851,
1.2661276241094241,
1.3686626291398458,
1.2603715102214426,
1.2671290405423072,
1.4223040777461737,
1.398388067736615,
1.5227348222469412,
1.1171115263231195,
1.073559862768547,
1.2642927834079816,
1.4003542672487574,
1.453254106755025,
1.08446501399869,
0.9908362613677484,
0.212897085254123,
0.29537201488194315,
0.7721307365579548,
0.6099831136487632,
0.4211293326644601,
1.6520547626531776,
1.8440073467631546,
1.5483721876105192,
0.8409803739144525,
0.5700440800278401,
0.9753768489014082,
2.1328717128864767,
1.770959495450675,
0.373661138429632,
1.0021320524761794,
0.6608295885510654,
1.2589683252511072,
1.844460638832823,
1.8363925617626704,
0.9194515533903332,
1.0297063880088624,
0.37885391162338206,
2.1267787954706012,
1.0579620339180136,
1.3430382140039931,
1.2136439230299432,
0.8579773722185313,
2.1114133379828472,
1.0915204060347898,
1.0711167156208106,
1.622360076247595,
1.3167013593029062,
0.3527485605725256,
1.415774757750431,
2.0339153358620896,
0.40834479406912105,
2.1370278835797194,
1.1010655393649296,
1.2251282113660817,
1.4761180034805732,
0.6627511139707817,
2.376243399087039,
2.4252071430228357,
1.929240953660381,
3.469793459419986,
0.4540773598544704,
0.8716615097294801,
0.6157279844905228,
0.8985788277496898,
1.9510611910262112,
0.7420386367261274,
1.5490390438783115,
1.441847482762892,
1.7930805559326297,
1.0414523834659717,
0.8816657500526894,
0.7070409432183595,
1.0414765373335937,
0.45118971715952644,
1.745152961796353,
1.5703514271381351,
0.7155909681276432,
1.2051880454285557,
0.6471773384207871,
0.7650282017104937,
3.1602181381001553,
1.065948258340146,
2.2978466147026864,
1.308321781546406